Mobile_Ref_data/IMG_926.jpeg
Mobile_Ref_data/IMG_9950.jpeg
Mobile_Ref_data/IMG_9958.jpeg
Mobile_Ref_data/IMG_9961.jpeg
feature_track 551
Mobile_Ref_data/IMG_9950.jpeg
relR [[ 0.92703091 -0.3663203   0.08014443]
 [ 0.3660553   0.93040907  0.01850594]
 [-0.08134621  0.01218172  0.99661146]]
relT [ 0.00561066  0.00623855 -0.07246693]
curpoints_3.shape (68, 3)
curpoints_3.shape (66, 3)
Mtemp (204, 702)
Mobile_Ref_data/IMG_9958.jpeg
relR [[ 0.9354258  -0.32026629  0.14969329]
 [ 0.33154116  0.9417176  -0.0569949 ]
 [-0.12271526  0.10294398  0.9870884 ]]
relT [ 0.05627065 -0.01129751 -0.00966019]
curpoints_3.shape (68, 3)
curpoints_3.shape (39, 3)
Mtemp (204, 702)
Mobile_Ref_data/IMG_9961.jpeg
relR [[ 0.97588454 -0.21764523 -0.0167311 ]
 [ 0.21685037  0.9578281   0.18852385]
 [-0.0250058  -0.18760566  0.98192608]]
relT [ 0.00400634  0.03214008 -0.04031848]
curpoints_3.shape (68, 3)
curpoints_3.shape (64, 3)
Mtemp (204, 702)
M.shape before (612, 702)
referencePoints (701, 3)
M.shape (507, 67)
referencePoints (66, 3)
M [[ 3.82012556e-01  0.00000000e+00  0.00000000e+00 ...  0.00000000e+00
   0.00000000e+00 -5.98469103e-03]
 [-1.97652555e-01  0.00000000e+00  0.00000000e+00 ...  0.00000000e+00
   0.00000000e+00  1.64671416e-02]
 [-5.79227928e-02  0.00000000e+00  0.00000000e+00 ...  0.00000000e+00
   0.00000000e+00  9.54269031e-04]
 ...
 [ 0.00000000e+00  0.00000000e+00  0.00000000e+00 ...  0.00000000e+00
   0.00000000e+00 -3.30794600e-02]
 [ 0.00000000e+00  0.00000000e+00  0.00000000e+00 ...  0.00000000e+00
   0.00000000e+00  3.65497247e-03]
 [ 0.00000000e+00  0.00000000e+00  0.00000000e+00 ...  0.00000000e+00
   0.00000000e+00 -3.73440380e-04]]
